358
246
617
793
450
695
78
32
740
947
46
25
964
301
856
681
829
62
876
587
735
540
713
560
249
152
343
809
265
712
878
525
636
709
57
452
268
770
251
730
801
755
789
326
504
478
610
748
536
908
942
800
646
723
461
186
544
224
928
550
514
922
860
766
543
742
104
58
792
540
553
654
853
184
972
496
752
192
712
261
63
77
651
990
835
796
155
974
44
764
49
217
856
387
201
944
535
296
74
533
155
138
454
92
993
500
836
230
837
161
97
406
777
991
123
789
533
142
388
83
914
133
520
790
361
853
281
837
740
291
326
716
580
575
413
802
265
132
672
778
94
960
987
764
908
548
209
323
702
499
118
265
5
529
847
33
342
214
405
787
731
731
677
398
878
417
343
82
428
59
425
756
343
501
140
668
959
186
241
827
269
243
595
775
60
486
188
949
332
625
732
246
544
395
712
382
29
784
388
606
17
733
765
801
207
935
378
89
405
329
923
658
821
41
117
305
494
647
282
107
804
929
136
870
856
321
151
261
916
670
751
70
469
925
290
671
928
820
55
481
384
551
100
791
196
143
733
82
864
180
442
694
247
865
414
453
482
61
921
11
304
357
838
187
403
243
325
401
906
470
770
991
522
717
47
599
273
291
887
917
370
455
724
765
185
761
956
28
89
813
56
500
852
547
865
42
486
360
370
496
830
766
728
854
821
61
103
963
368
848
649
395
363
786
528
348
61
121
672
650
910
552
144
570
68
108
448
445
910
14
139
218
711
996
647
169
610
610
509
89
66
694
414
496
879
571
410
195
189
759
400
238
786
48
250
890
736
852
1
415
666
233
480
525
369
734
567
286
515
393
900
506
687
475
880
948
349
729
208
698
41
667
370
397
560
46
197
21
4
879
772
919
133
504
76
818
912
651
140
642
944
155
182
703
585
372
435
108
51
424
519
34
600
970
989
113
18
365
971
292
60
485
362
291
207
727
453
858
321
679
89
762
44
373
173
816
772
506
12
997
992
720
607
379
719
903
859
67
583
998
81
377
461
18
559
36
93
981
35
689
162
512
396
376
368
83
232
191
543
306
43
907
36
817
175
901
97
705
40
907
398
305
979
343
899
674
860
18
35
566
126
717
56
457
615
678
644
878
140
634
750
728
167
157
571
763
224
177
236
362
967
200
539
810
79
242
941
570
10
747
996
545
371
318
815
700
361
255
724
118
372
439
86
369
313
292
780
973
454
405
516
8
562
584
177
386
832
868
727
620
79
811
864
563
455
48
531
987
1000
895
471
708
731
242
189
411
887
485
676
451
421
115
981
364
839
513
97
624
639
609
233
840
429
229
647
697
519
946
222
197
205
173
627
878
856
907
724
136
688
640
771
839
494
312
778
771
367
968
258
520
537
246
971
885
281
575
616
544
12
497
968
919
541
821
241
746
332
988
48
438
288
584
434
447
720
435
423
807
476
51
842
322
321
513
111
427
212
309
933
15
410
445
738
461
463
200
73
170
180
516
459
648
941
654
828
571
232
879
156
573
939
72
716
27
181
643
279
21
9
258
150
676
605
397
186
212
952
590
71
434
963
802
881
51
971
374
570
215
864
492
450
649
146
302
367
749
315
996
411
888
206
998
146
308
671
221
487
98
365
403
520
361
974
228
140
157
579
796
154
947
796
413
284
361
999
446
448
737
58
982
620
196
337
727
504
533
399
538
235
550
999
739
516
864
439
77
359
565
22
245
486
301
235
513
470
557
94
7
839
125
457
934
323
547
257
156
637
407
927
866
255
93
659
805
759
528
20
590
460
664
765
907
114
144
387
663
393
979
493
422
211
372
856
967
233
100
707
5
11
119
216
597
754
698
896
161
866
278
130
560
91
784
743
911
39
930
135
395
151
633
206
273
317
848
881
912
581
334
612
650
412
764
119
469
993
782
13
790
997
516
933
33
117
319
136
524
980
537
665
413
222
397
637
532
78
57
434
35
388
128
633
728
216
345
829
922
353
981
822
753
494
832
362
687
675
69
61
932
433
872
976
935
343
209
821
489
42
382
831
604
543
980
477
79
198
904
458
247
940
328
867
181
300
727
840
611
326
775
17
422
399
932
936
966
899
556
31
103
576
625
677
722
321
839
200
975
296
927
86
847
516
83
524
971
119
843
915
637
541
103
278
848
227
589
902
200
388
166
23
199
678
62
794
564
887
536
466
561
309
130
504
785
386
49
667
41
92
885
755
990
552
276
715
788
475
729
59
626
760
365
861
585
328
365
400
607
6
602
782
579
987
452
925
369
391
678
922
907
524
32
85
632
659
711
473
111
962
53
505
918
582
366
120
209
791
906
100
741
761
836
140
30
630
920
752
726
520
790
87
137
802
159
290
743
313
945
939
812
866
287
935
39
493
278
685
376
976
435
142
848
248
795
684
380
955
431
285
645
557
862
247
55
874
657
626
718
156
617
138
996
953
4
749
251
921
39
376
805
873
558
147
290
204
966
567
261
159
636
690
211
755
498
37
49
291
766
121
493
459
27
776
477
13
363
772
251
118
711
201
900
494
403
850
118
14
749
465
47
1000
718
493
609
995
564
46
908
617
222
829
687
390
816
78
899
623
570
620
741
654
727
925
824
325
124
761
885
569
889
136
601
856
944
422
626
889
598
430
146
816
802
734
123
173
445
464
259
772
415
199
504
70
332
451
461
462
533
196
418
471
1000
592
448
417
884
14
412
626
15
803
996
647
859
367
705
77
54
946
269
496
721
32
25
995
670
688
225
159
707
94
491
83
473
721
399
518
875
837
272
910
129
880
874
60
807
956
560
342
140
108
214
329
910
22
71
804
420
964
850
608
481
444
598
754
973
790
196
54
971
978
961
46
644
93
698
860
96
171
182
703
174
333
139
806
692
429
479
832
967
872
936
956
796
367
560
876
928
211
122
133
583
516
916
460
693
818
610
792
156
144
1000
342
480
343
690
895
112
74
423
111
717
482
68
80
184
163
738
500
665
206
342
475
584
167
255
889
210
188
929
618
778
926
531
846
844
143
920
98
398
490
162
895
974
367
312
867
925
540
886
512
381
940
721
122
565
169
904
200
801
535
762
415
479
97
188
580
250
412
162
122
859
212
329
102
44
894
558
73
945
619
776
699
255
524
316
619
459
462
892
451
489
2
179
622
283
607
365
518
808
15
559
776
398
460
505
938
473
916
306
588
66
448
630
268
391
515
413
828
450
451
102
714
396
693
460
221
558
912
72
339
767
969
693
746
140
924
154
661
921
892
448
369
577
137
181
943
884
24
923
855
336
276
49
716
180
855
401
787
698
660
265
364
186
959
163
357
622
260
902
128
59
471
217
331
738
670
208
876
838
434
395
257
873
536
831
456
353
893
781
859
168
389
464
966
684
858
409
982
537
119
848
244
185
69
814
398
553
623
915
865
533
283
799
244
687
115
850
978
271
840
619
178
873
462
173
533
424
662
412
546
390
670
505
574
24
49
815
675
118
309
514
736
480
822
605
702
467
533
102
593
561
376
402
658
726
731
995
740
249
469
797
237
637
548
465
255
333
294
360
403
782
997
642
122
684
488
232
989
556
646
586
60
214
266
685
292
471
756
512
951
797
471
155
827
906
251
48
392
791
463
138
596
769
933
513
419
225
584
88
881
229
337
52
48
914
428
613
194
248
612
4
463
507
359
223
739
980
277
393
77
55
262
228
493
574
310
669
622
793
225
673
12
403
306
964
170
906
737
562
83
374
219
563
859
52
888
591
791
681
420
432
977
210
22
919
701
344
519
405
792
514
57
568
79
951
124
149
986
324
365
785
578
949
655
337
338
517
7
351
416
989
144
171
386
708
844
8
919
532
420
686
157
217
533
50
975
663
174
808
742
588
721
213
824
412
367
335
438
8
986
249
104
827
67
970
815
596
375
201
523
317
969
772
63
761
352
893
216
777
896
70
285
111
838
502
389
550
571
395
904
579
87
223
266
921
712
43
131
874
873
814
300
953
125
352
972
961
650
57
541
864
405
871
158
472
995
944
682
408
986
407
326
874
945
88
676
675
768
552
967
937
477
317
280
254
146
21
363
277
298
326
710
45
736
362
819
977
148
885
397
447
90
587
514
341
580
78
308
878
315
779
816
551
818
708
272
838
488
70
890
499
629
405
503
12
341
416
478
908
659
936
1
39
498
898
862
582
617
160
582
770
929
47
475
994
296
849
24
893
416
490
405
61
89
117
14
402
461
618
866
785
588
909
723
263
787
376
999
550
252
930
393
714
577
756
484
544
136
883
911
747
649
116
436
255
143
793
963
594
29
614
101
437
102
588
531
224
91
88
258
539
633
383
973
876
194
785
928
28
173
202
586
633
105
470
339
167
372
297
604
521
767
252
60
823
792
254
115
815
814
507
596
288
39
505
267
264
347
157
632
464
956
906
944
575
216
409
199
436
441
288
122
114
993
707
276
985
870
693
693
80
690
863
125
446
184
245
877
477
476
984
60
414
652
863
846
963
539
516
821
71
952
426
552
262
898
552
449
672
30
480
522
283
763
479
672
663
579
758
589
937
507
78
74
944
451
117
857
860
245
73
319
76
716
175
548
527
371
60
386
2
950
790
356
896
643
754
136
479
586
946
328
151
632
189
740
419
724
564
623
483
455
394
386
280
20
889
706
221
27
357
648
230
93
201
180
473
180
500
654
451
694
450
830
399
524
345
343
710
798
59
471
833
467
888
944
364
702
337
108
12
657
674
518
784
20
67
123
41
510
916
353
623
779
262
789
449
354
116
865
47
964
997
243
419
757
418
428
717
507
544
137
677
730
811
896
979
878
422
106
684
278
256
75
159
441
373
568
378
130
20
456
138
821
403
869
712
968
324
125
612
604
649
315
421
558
557
614
112
934
473
24
158
392
781
246
787
293
233
467
881
326
694
49
736
913
378
866
549
967
23
218
305
169
243
171
250
865
886
994
548
133
161
991
285
75
609
681
621
535
855
678
765
202
271
238
676
530
440
135
176
988
496
198
405
201
633
769
707
261
221
191
938
432
142
162
222
430
785
684
514
257
738
310
807
506
538
650
42
135
993
146
312
46
469
939
685
530
493
318
55
419
707
616
704
625
820
801
446
363
240
315
196
185
846
391
923
760
984
64
692
975
697
144
22
337
881
792
37
215
286
541
287
461
601
441
784
369
129
846
249
62
33
529
71
900
9
921
668
773
357
403
284
443
64
233
306
773
463
324
367
14
544
359
161
488
559
854
570
35
641
304
788
608
83
711
808
425
568
949
122
707
7
418
346
433
506
677
10
508
146
68
57
894
892
145
786
319
373
931
766
451
753
248
204
785
858
78
890
816
15
221
45
529
39
866
691
543
301
342
335
803
461
460
234
326
17
973
612
529
326
765
799
661
483
314
91
150
691
990
869
629
84
310
468
146
377
879
133
782
110
870
248
896
118
713
653
224
415
743
638
953
579
311
214
927
858
234
936
982
292
798
18
684
49
856
862
661
357
765
58
643
133
396
952
778
812
149
830
980
857
138
307
876
434
26
298
881
706
905
433
774
684
398
521
957
623
265
734
977
838
866
151
926
229
627
638
524
634
640
861
821
423
98
643
853
873
862
165
933
821
622
357
650
90
837
926
169
114
287
289
88
798
337
115
660
822
619
310
123
687
584
911
527
205
594
473
136
698
194
798
215
528
478
476
211
106
985
862
583
951
155
296
366
722
964
711
640
635
241
396
201
595
667
87
161
973
862
617
352
737
234
992
63
88
727
816
681
878
850
421
657
151
234
379
909
133
764
68
504
577
75
606
782
463
391
47
229
44
403
122
40
715
486
55
50
814
429
62
92
953
620
14
322
828
980
121
799
963
858
368
28
505
323
949
827
167
193
364
214
510
807
873
266
903
674
473
781
961
37
486
353
185
298
178
744
981
335
668
714
566
428
312
578
277
435
63
477
216
773
939
11
721
654
431
957
646
219
107
642
1
544
692
2
947
349
264
964
173
26
651
459
576
674
407
688
419
378
349
758
882
601
584
416
183
269
756
202
63
816
115
716
650
20
96
879
537
302
660
9
817
64
740
570
725
122
413
50
164
344
872
204
61
599
588
832
245
778
195
139
126
759
636
819
733
798
74
699
772
298
634
489
928
17
238
921
367
287
357
127
858
824
445
834
490
632
826
91
860
341
773
670
4
147
443
326
180
795
312
69
908
687
552
933
635
301
564
530
411
924
128
465
153
203
48
863
74
684
657
858
378
735
12
879
296
384
298
121
236
241
781
597
304
709
708
426
909
333
242
966
377
690
594
626
669
152
927
792
871
424
443
199
250
467
75
403
957
900
376
922
705
638
203
681
186
352
651
546
336
26
948
768
711
871
339
850
635
290
504
285
145
143
164
888
266
200
670
845
975
820
778
563
66
979
166
593
292
596
742
174
57
207
369
371
372
370
230
457
414
186
870
360
794
340
232
902
752
869
877
156
239
998
775
307
292
602
122
671
207
497
416
965
268
504
103
721
951
155
449
954
897
260
83
782
807
170
434
94
933
539
646
501
87
730
824
493
494
105
240
135
354
503
615
476
964
343
764
670
541
459
95
774
133
293
318
902
532
218
795
440
553
314
947
133
169
687
618
3
585
493
829
399
486
569
798
791
322
265
943
499
836
147
84
889
797
69
897
672
991
347
233
31
810
114
83
939
720
329
786
262
964
770
322
503
838
467
974
759
869
532
650
998
770
894
558
255
714
549
108
614
258
922
584
445
300
80
222
981
668
526
466
854
885
782
30
365
411
665
518
344
111
202
821
498
562
275
445
191
881
28
977
431
17
222
384
849
276
16
851
949
785
63
280
426
161
78
171
639
431
738
702
936
21
12
890
255
987
826
857
43
971
996
597
772
109
705
869
587
749
13
139
835
260
770
947
448
79
952
620
751
384
816
174
248
814
530
658
418
50
944
69
851
574
712
746
794
605
760
93
164
706
622
503
568
411
260
704
964
533
530
285
8
900
870
770
804
373
840
274
68
214
828
458
844
149
628
275
996
214
990
769
511
588
87
396
160
329
259
332
272
335
218
930
907
310
494
608
1
391
498
276
398
246
96
494
953
933
103
266
29
562
23
66
448
52
932
931
956
348
634
46
192
701
592
422
719
35
745
486
741
918
739
700
42
399
728
511
845
561
601
780
278
186
421
25
110
610
816
649
706
279
926
245
975
408
279
520
728
920
190
88
704
508
226
585
870
218
98
272
915
535
458
591
425
853
979
106
567
831
274
579
142
647
27
825
530
512
783
552
690
832
354
324
40
792
53
370
424
412
239
283
471
405
332
350
835
459
512
507
202
942
255
145
144
201
9
219
380
618
670
49
166
205
21
690
36
443
688
597
716
750
329
470
419
695
11
273
898
424
744
869
251
203
989
719
297
132
642
393
215
47
566
617
481
624
27
172
587
941
990
549
883
867
854
943
497
329
396
582
716
737
496
783
176
629
556
639
185
847
723
629
278
869
360
251
170
520
599
58
722
608
444
728
337
882
525
950
798
540
691
420
215
636
124
450
207
943
286
649
461
790
839
952
476
379
49
175
28
842
79
165
728
234
222
79
661
168
856
835
538
144
73
749
127
314
638
350
869
836
528
810
895
325
820
890
766
383
747
813
614
345
93
831
507
379
233
62
168
495
529
242
139
338
989
623
357
452
259
644
860
678
619
96
922
490
77
973
478
471
481
838
156
635
498
929
520
561
723
662
546
217
908
700
268
97
807
417
234
584
83
270
587
589
736
519
52
85
990
777
534
539
823
61
206
188
670
433
200
572
374
124
863
638
747
783
46
569
97
69
609
678
579
206
514
660
96
387
9
891
638
822
218
482
294
620
199
32
753
548
576
87
186
182
972
873
962
545
490
435
127
671
755
679
272
93
198
971
875
136
351
921
631
338
574
59
242
208
840
536
6
267
931
280
920
325
193
964
410
988
732
846
228
76
200
496
753
637
77
567
479
300
183
594
799
993
30
277
621
729
339
728
157
675
93
822
938
110
630
526
691
504
926
973
4
442
290
660
364
770
904
751
656
892
155
440
728
775
645
85
983
123
454
64
289
400
544
134
523
295
315
18
719
162
87
210
698
444
187
567
53
133
390
613
742
320
62
745
669
804
353
78
789
839
618
218
632
934
688
703
182
357
604
925
157
893
644
236
714
730
662
759
333
387
82
895
141
326
660
744
74
133
258
96
681
713
563
730
454
32
506
389
962
699
634
727
36
593
774
250
823
63
717
860
99
117
888
276
574
889
95
107
250
422
579
230
857
450
709
989
28
145
536
572
83
369
362
987
282
986
201
153
446
378
332
352
998
523
67
849
931
694
856
394
339
760
269
495
650
133
743
238
755
928
839
397
684
988
256
462
770
577
40
684
842
624
704
608
613
345
684
179
189
323
987
815
861
908
14
992
449
440
827
431
782
409
548
346
62
18
80
300
775
103
92
406
135
70
696
211
741
406
652
510
248
406
845
473
849
37
189
392
490
418
747
141
414
301
346
563
812
72
798
690
679
719
795
529
742
591
763
554
399
360
759
957
351
95
111
676
832
545
956
30
90
310
977
966
330
596
676
859
394
8
245
252
672
391
383
348
25
480
805
819
944
967
602
193
874
644
741
623
707
214
716
303
173
903
920
205
216
579
322
75
526
103
457
403
740
456
236
690
335
362
866
827
476
717
27
791
310
788
296
140
483
389
894
853
840
868
710
276
832
606
14
584
309
771
213
682
954
15
590
245
830
345
445
581
202
135
876
813
72
328
241
183
148
656
46
682
293
821
833
937
933
267
162
529
769
219
403
504
426
192
991
475
987
163
257
885
154
667
238
317
581
363
579
757
803
796
550
814
42
224
744
567
506
621
490
265
330
991
189
959
153
496
422
713
308
799
593
796
494
275
436
333
534
871
36
58
481
167
560
477
495
468
87
694
28
494
208
460
715
311
751
494
915
615
469
927
466
884
898
406
984
165
889
804
463
696
378
78
385
153
916
854
266
116
565
915
721
120
375
128
478
397
109
497
538
662
362
256
641
46
809
522
858
145
525
78
353
312
946
339
996
769
495
758
367
128
446
33
45
837
670
59
305
238
110
248
205
890
993
756
812
354
795
109
542
867
763
894
611
359
874
702
617
81
536
674
329
533
977
96
353
499
996
416
339
47
551
217
119
942
827
797
497
782
823
128
328
59
785
296
835
605
50
876
612
118
519
190
362
602
661
573
828
449
182
612
864
203
229
363
526
424
608
904
86
297
103
87
869
980
977
75
866
52
901
233
983
342
261
469
174
980
907
184
235
799
966
233
93
524
791
39
169
182
721
411
148
477
97
839
159
563
364
874
553
447
233
69
688
700
736
609
131
131
297
227
454
825
924
465
376
502
565
245
146
319
947
402
797
86
782
210
882
92
874
407
509
648
118
375
546
458
426
704
219
994
558
178
269
32
609
766
131
389
76
508
529
483
177
581
435
740
544
563
581
721
531
844
635
815
23
496
908
704
631
878
363
396
585
498
50
599
509
322
613
513
440
840
807
27
616
428
853
450
477
139
868
107
79
497
967
574
119
376
187
725
843
290
983
52
358
812
802
821
442
313
398
69
90
857
953
559
906
627
751
446
322
12
81
248
15
879
403
523
413
646
205
919
75
648
465
495
786
749
603
229
632
429
738
848
854
266
962
639
418
422
362
773
78
944
414
788
667
91
148
181
808
990
480
857
108
299
966
151
97
367
608
81
143
945
614
367
301
91
145
345
930
159
681
692
743
498
937
252
840
60
987
574
65
736
216
101
609
252
560
669
536
592
770
16
211
52
283
561
314
498
89
650
939
196
747
641
219
497
447
911
737
103
174
273
478
912
485
585
980
510
121
109
816
648
619
911
21
270
926
516
91
585
860
616
142
608
957
759
171
699
445
808
6
210
820
676
583
100
337
216
798
671
553
16
37
172
856
926
798
917
199
1
261
892
440
778
511
809
321
497
520
672
354
767
216
774
640
805
471
39
114
360
688
515
643
717
28
122
701
547
807
908
667
335
749
562
382
423
626
329
364
848
145
818
934
11
84
879
183
649
86
293
968
216
574
182
558
14
232
116
78
540
775
480
837
153
134
260
933
107
280
268
829
901
796
854
826
635
194
56
920
693
472
800
412
644
385
592
148
559
887
822
290
926
978
814
185
832
724
491
677
174
63
175
642
42
879
158
409
281
142
939
849
773
231
777
806
865
221
611
897
320
980
542
817
366
985
497
170
823
864
69
180
125
233
865
416
535
414
803
151
149
588
171
606
244
43
955
652
924
566
990
147
387
949
952
875
659
674
888
25
32
68
756
7
752
265
754
132
465
214
485
55
303
2
61
36
360
979
828
943
186
746
35
879
402
822
917
621
838
561
992
254
999
175
273
839
605
677
428
253
165
957
3
334
937
603
819
678
940
518
907
725
763
54
328
496
637
784
259
713
153
790
447
881
73
69
948
882
890
586
830
887
417
887
466
132
237
627
135
251
64
218
250
794
492
490
430
670
664
705
560
460
366
209
150
513
317
811
671
15
832
350
868
191
363
239
761
637
707
912
69
108
828
609
645
964
462
488
791
633
593
868
883
15
533
969
979
188
382
448
403
389
69
738
41
606
597
864
192
292
822
324
684
815
431
825
866
748
24
401
820
37
419
634
150
443
733
188
763
428
298
193
525
378
394
998
232
123
163
264
300
105
229
35
52
731
142
353
681
782
238
687
99
729
469
356
212
477
146
603
542
870
881
205
565
130
834
422
535
1
502
850
593
346
561
172
631
2
961
652
376
141
225
59
725
886
937
293
252
868
78
126
599
777
478
612
140
227
499
487
569
600
995
112
57
848
333
501
847
66
452
672
42
758
378
840
624
360
731
854
224
976
419
58
291
717
991
883
761
462
578
19
644
548
150
45
640
831
90
794
113
666
95
729
410
795
952
467
895
675
316
242
274
48
189
436
547
251
790
413
399
278
943
869
343
740
329
592
332
246
214
73
291
645
660
653
120
422
243
865
293
644
338
606
967
295
417
436
497
69
902
420
729
272
983
918
219
67
82
595
907
465
383
672
31
823
587
364
741
840
447
459
654
966
99
840
112
708
195
446
890
666
472
516
15
518
738
654
487
747
391
560
36
65
196
735
868
347
399
833
170
472
777
576
312
349
474
172
518
528
373
160
839
380
433
648
982
902
299
846
154
977
858
764
50
363
804
535
272
636
573
936
245
418
168
100
486
183
967
943
144
816
882
782
648
294
556
469
957
222
810
964
397
477
482
936
640
679
848
313
379
585
142
682
476
329
120
601
522
669
62
672
667
601
780
703
888
279
125
444
144
977
635
41
216
812
266
366
733
551
165
325
974
571
545
137
407
457
209
109
471
183
160
333
914
789
389
131
94
71
221
384
133
371
46
435
697
334
638
323
912
734
475
40
522
77
952
532
144
760
574
8
530
418
66
17
552
697
999
512
844
371
167
592
701
146
131
32
89
658
18
755
62
967
137
143
838
821
584
708
842
783
761
612
337
521
556
767
460
951
413
206
784
252
201
137
337
38
456
829
758
984
441
109
410
321
247
49
817
240
680
365
680
598
670
800
467
932
815
671
189
54
448
65
19
752
544
54
837
408
460
629
621
314
723
760
671
705
945
614
206
288
760
958
714
933
894
907
707
449
247
880
97
117
97
636
868
418
846
677
663
954
375
773
878
934
592
618
77
871
462
876
702
597
823
474
355
873
283
888
852
319
762
283
860
455
150
330
735
213
411
493
319
226
659
995
867
835
92
56
77
826
619
560
420
514
743
89
331
918
424
495
851
434
971
63
639
165
633
17
779
760
754
839
939
283
226
18
293
984
159
657
154
121
460
777
464
360
475
319
64
764
968
791
767
525
463
518
213
889
120
100
846
76
351
521
84
557
103
212
84
984
175
294
321
443
688
408
610
911
487
770
976
56
395
96
51
438
59
5
645
268
594
343
971
306
403
783
483
794
599
346
769
344
603
544
552
278
397
642
163
837
105
509
285
309
638
49
915
472
459
204
955
36
569
563
570
364
678
271
316
376
798
666
452
451
350
337
970
298
643
69
209
914
186
226
273
558
484
59
927
266
841
103
584
104
354
358
434
73
879
971
229
439
862
186
592
677
688
549
433
269
640
205
199
658
541
121
345
690
567
997
427
624
435
760
375
637
378
514
316
409
708
375
487
174
1000
73
896
263
129
20
825
887
842
15
336
695
360
18
567
641
661
533
480
932
864
840
527
800
781
280
54
946
348
563
665
143
776
818
527
411
885
450
37
444
143
431
672
174
922
704
332
164
171
990
156
13
478
269
794
471
160
956
97
437
516
202
974
79
488
790
600
909
668
402
384
914
706
769
226
826
370
473
114
126
505
159
683
220
220
52
339
70
396
405
3
86
169
685
770
241
719
412
635
261
650
440
571
388
605
180
588
425
608
969
131
741
995
50
978
582
883
747
200
342
696
77
90
660
920
697
171
479
369
234
609
593
663
68
97
294
631
874
458
377
205
655
897
444
155
173
746
799
246
324
129
387
79
823
87
383
530
689
849
764
17
396
196
986
276
159
90
932
428
364
456
701
318
694
165
165
111
834
790
805
467
890
514
766
706
396
80
192
248
596
896
977
502
125
810
356
396
554
435
113
187
259
570
715
688
397
979
649
504
633
688
464
693
760
652
167
203
917
587
923
823
181
507
823
679
480
103
975
251
947
634
585
501
42
426
622
434
475
136
14
386
483
181
102
398
639
295
728
795
229
443
786
999
412
209
671
623
472
518
459
940
486
43
599
868
785
540
485
663
441
867
589
820
975
927
979
825
253
7
135
183
115
571
966
645
250
554
354
108
830
549
933
303
135
328
353
299
423
117
491
685
208
949
660
222
269
419
939
689
252
470
147
338
842
56
443
327
486
573
48
476
366
552
11
820
613
648
684
716
646
672
225
158
633
433
722
745
460
138
510
322
726
35
209
950
835
161
16
837
411
780
186
77
861
416
104
384
338
25
732
870
187
826
604
175
500
492
989
994
462
455
514
318
12
428
553
836
909
552
955
47
252
239
483
40
481
978
763
219
21
513
715
565
494
12
842
768
409
473
326
89
954
375
640
769
734
21
559
944
173
462
551
389
801
78
327
488
952
161
486
761
971
173
399
325
285
501
106
800
506
459
415
670
858
56
717
800
906
517
905
847
154
944
301
547
221
89
178
38
732
1000
320
464
327
469
849
781
84
232
276
662
103
6
226
743
207
481
377
901
624
68
134
466
461
803
664
27
994
821
232
796
788
8
857
463
183
844
11
844
627
186
602
347
816
83
875
887
387
951
356
689
329
600
671
941
484
980
908
547
435
914
230
700
556
921
764
916
373
54
623
131
449
134
220
504
334
510
817
421
363
117
90
999
545
89
827
213
129
78
810
325
821
495
433
681
610
812
386
668
720
459
218
291
23
517
306
679
461
66
652
821
113
310
989
106
646
684
872
491
927
586
133
860
617
462
216
757
621
130
748
696
411
501
297
402
877
250
815
115
349
492
677
748
674
398
998
581
702
571
688
402
301
728
512
146
855
2
5
280
255
427
511
588
795
208
527
549
361
481
647
202
788
843
721
553
308
44
407
689
697
797
884
91
272
683
148
32
672
639
892
621
364
252
290
946
157
286
193
634
98
41
942
136
853
667
361
470
616
330
898
958
18
25
841
896
787
1000
994
201
910
495
715
915
854
745
212
657
879
881
779
430
710
541
999
383
558
659
157
865
350
584
737
834
654
229
415
231
174
643
131
829
190
785
194
805
129
176
753
521
621
34
983
410
940
781
963
765
692
957
682
399
443
733
38
999
790
641
22
460
108
192
249
497
844
920
53
821
55
697
349
867
793
933
826
633
512
107
929
38
974
59
91
487
855
297
942
774
11
413
711
977
899
266
286
921
803
133
567
573
994
179
71
754
258
805
434
90
457
954
281
825
897
439
52
241
231
818
601
843
234
99
506
396
575
437
365
303
611
275
891
188
849
88
323
857
597
633
79
244
370
287
540
189
223
620
701
952
453
851
5
528
905
306
295
65
487
99
95
574
336
688
109
904
919
853
836
423
180
498
659
454
648
882
636
860
441
377
211
406
205
975
22
15
441
792
686
471
249
148
520
500
579
221
109
453
980
844
936
209
55
567
155
230
886
642
92
755
896
46
967
356
529
867
465
113
283
591
385
836
817
113
174
153
178
112
952
958
253
77
761
441
676
854
230
623
946
424
503
428
590
43
146
599
357
264
415
827
197
426
283
425
223
291
882
269
978
902
243
152
268
424
510
656
930
287
794
833
492
32
84
653
462
118
254
162
922
954
125
356
373
769
965
877
636
44
974
618
339
184
759
509
184
226
432
478
576
322
454
828
254
122
921
943
889
883
275
384
764
89
493
709
95
125
743
688
560
337
493
922
494
706
331
795
236
987
534
592
58
666
935
929
610
289
273
219
694
331
92
610
245
541
960
551
898
295
916
669
947
786
585
508
773
444
351
112
692
464
743
608
290
83
937
252
79
794
977
496
295
984
634
861
461
177
394
110
543
399
998
805
323
136
877
835
531
676
1
3
187
236
890
972
230
217
510
878
383
371
563
980
658
721
331
197
677
838
569
404
726
99
854
632
996
680
775
21
964
672
359
63
911
688
935
578
192
319
981
791
323
277
167
656
810
600
928
703
735
878
334
531
414
435
604
928
270
632
858
992
277
411
854
132
286
158
881
152
871
590
320
57
684
45
290
767
649
629
47
894
233
570
752
843
503
385
785
425
377
783
378
366
227
381
103
990
675
993
116
291
729
555
16
428
994
132
2
938
657
423
857
370
511
152
494
513
451
597
496
726
720
461
939
117
845
390
429
273
845
55
925
224
307
798
134
355
928
261
839
23
544
923
576
544
15
713
236
404
839
314
660
917
509
23
30
995
713
350
318
630
491
774
181
830
328
149
474
948
826
350
517
671
523
655
630
656
620
933
847
322
455
13
882
71
62
327
748
329
622
132
857
546
520
106
941
763
321
25
980
476
804
986
2
970
888
545
637
63
341
747
662
484
695
676
773
523
694
82
472
948
504
537
48
151
652
355
417
929
969
52
212
734
975
996
161
467
773
232
904
700
146
696
685
270
235
413
492
510
434
309
366
118
330
17
315
406
598
426
35
139
206
893
172
242
298
967
786
851
57
982
977
944
488
150
152
236
855
731
418
846
283
276
813
554
702
414
430
430
158
325
753
82
875
688
73
785
337
79
488
41
822
159
146
895
634
848
540
84
227
321
500
609
748
972
812
350
205
78
679
872
433
958
589
377
702
637
761
902
472
579
2
639
12
43
983
605
657
413
735
58
81
277
49
95
905
231
230
324
973
624
901
957
724
446
98
124
150
369
199
454
431
307
37
901
519
596
339
494
329
583
206
637
288
721
618
669
756
556
310
113
526
290
881
71
745
733
214
425
924
916
600
205
269
932
201
937
949
850
950
518
302
985
192
988
321
39
181
208
123
688
871
326
220
722
703
961
409
318
355
910
819
612
408
152
516
367
427
241
123
19
339
657
843
838
971
705
273
264
467
827
247
665
786
65
649
89
956
899
939
52
716
526
789
220
353
871
952
75
812
289
397
797
483
800
471
490
985
36
938
476
733
161
379
160
364
655
53
92
513
575
696
566
229
173
403
641
165
197
713
77
397
413
997
157
537
727
658
860
971
111
614
522
526
527
560
930
921
831
550
787
810
186
162
696
200
442
57
239
697
694
73
564
569
96
854
66
188
103
714
880
733
428
507
249
398
881
761
925
509
51
577
109
506
92
164
563
199
682
592
215
895
448
592
262
582
842
372
679
371
638
310
927
810
769
573
260
802
509
723
163
806
191
954
148
957
631
853
799
126
711
252
196
861
382
485
702
122
682
703
106
975
320
220
81
359
883
62
864
900
91
186
415
990
645
773
195
97
840
705
880
952
474
888
117
660
445
157
193
39
134
743
106
241
139
346
747
831
98
971
493
842
256
161
389
216
179
863
270
185
751
672
281
395
541
596
933
536
444
930
733
821
826
858
940
240
522
869
129
234
361
470
750
22
917
926
965
358
553
353
646
199
641
275
216
13
140
196
496
930
386
451
848
531
282
346
294
485
775
404
215
850
889
32
434
274
541
840
297
933
569
458
685
114
277
514
84
16
934
375
2
29
157
415
676
594
368
223
755
511
179
516
462
5
762
527
306
346
42
353
193
224
831
394
697
528
309
894
64
957
727
17
488
448
728
145
975
630
298
373
574
861
811
306
26
514
200
878
438
387
74
1000
295
764
765
890
54
696
867
662
987
363
484
695
262
450
14
755
704
693
221
163
191
621
342
707
249
425
216
790
171
630
33
487
542
266
691
488
586
97
681
140
244
33
95
423
599
407
356
390
185
586
428
633
557
701
215
9
799
919
45
514
247
733
811
892
816
259
226
750
529
338
926
844
32
347
801
934
433
641
292
972
904
315
981
642
192
803
220
889
958
969
590
662
766
320
355
984
765
840
702
790
665
233
497
839
777
975
563
781
962
487
538
320
787
483
12
599
700
494
489
653
16
159
815
68
550
559
947
279
423
87
911
239
223
639
301
11
654
443
421
499
670
405
338
161
368
674
843
162
810
85
568
657
385
341
221
363
736
669
696
642
546
319
373
143
397
239
18
716
290
820
957
884
377
889
259
258
232
408
569
783
30
680
334
720
277
387
632
336
504
513
144
115
142
677
615
131
65
214
691
868
635
721
550
112
513
728
756
707
997
545
406
714
613
131
538
637
197
174
630
473
559
920
19
847
14
73
743
225
948
849
33
826
282
396
277
1000
320
999
235
108
175
258
765
213
144
305
602
681
707
172
200
890
630
233
455
640
674
973
68
219
389
753
48
968
441
380
316
115
184
906
471
572
777
781
432
590
268
20
319
295
313
183
609
82
816
948
183
735
928
315
605
385
502
711
572
881
581
260
268
234
350
1000
633
744
482
302
827
260
28
487
73
830
787
10
249
419
65
810
178
73
126
644
853
856
179
79
163
931
326
825
476
766
582
634
566
461
78
618
88
148
604
121
727
684
784
882
167
973
74
805
889
627
797
639
833
650
341
360
335
255
120
825
81
38
562
983
183
772
471
763
486
762
206
999
219
657
952
875
99
564
188
908
529
56
763
810
416
203
651
213
439
898
560
387
988
498
756
363
766
234
182
149
393
843
416
284
547
737
402
574
260
487
342
48
995
256
216
569
626
341
560
651
843
760
703
166
773
798
265
373
320
835
604
594
861
676
561
76
85
813
343
797
776
999
503
512
965
409
909
682
796
51
351
303
35
118
817
965
321
762
462
766
781
889
796
776
803
112
537
751
327
497
416
329
751
333
146
963
392
530
640
118
682
173
296
781
972
813
724
27
152
562
410
379
99
856
691
473
911
750
176
8
356
878
497
562
598
55
859
141
371
961
909
268
267
898
879
286
687
244
143
896
681
778
723
1000
266
772
66
729
565
698
235
653
105
462
11
383
5
420
685
665
214
201
716
535
163
666
67
939
231
595
864
825
246
884
790
388
770
785
869
106
466
116
638
582
860
445
122
246
877
814
254
193
655
658
167
536
600
31
405
471
628
934
880
72
339
338
898
577
915
373
34
251
283
979
170
133
445
8
420
949
949
297
934
751
807
642
797
949
19
879
684
523
514
209
597
57
856
107
673
231
760
795
695
206
788
502
795
99
951
559
117
53
232
356
505
439
950
632
17
724
500
197
557
731
463
970
302
877
345
509
199
371
576
486
273
231
226
501
987
253
627
679
316
912
605
226
422
605
167
434
391
888
360
97
741
239
46
525
612
734
410
57
915
923
330
117
554
521
575
963
457
144
250
986
184
719
19
201
462
72
989
451
867
684
582
580
103
301
915
524
802
231
795
266
568
131
509
399
695
777
680
751
719
569
208
894
566
457
805
190
585
474
160
515
479
410
285
256
895
336
62
839
889
521
159
155
356
76
822
60
657
573
759
165
19
904
467
855
95
568
184
462
220
278
185
172
836
90
159
358
823
560
934
457
9
463
773
133
256
280
279
367
642
694
50
698
880
783
618
586
555
784
7
201
783
340
398
358
947
909
178
364
154
217
993
794
72
145
292
27
800
895
920
859
848
591
255
256
626
817
87
582
98
913
483
467
69
127
934
122
541
754
743
893
915
727
950
372
882
467
802
208
418
333
474
223
959
20
612
448
698
643
787
149
996
552
869
666
879
345
34
826
718
708
457
944
914
809
991
633
762
185
162
421
637
623
437
26
231
224
885
349
953
430
903
230
88
533
605
359
486
119
844
474
231
96
79
942
880
115
734
449
411
550
34
511
458
638
40
885
868
568
409
144
901
721
619
409
250
108
734
478
277
172
293
25
696
795
481
351
958
685
881
750
954
629
214
219
655
624
215
576
194
19
933
909
317
948
156
704
814
191
822
779
84
87
611
453
359
170
886
25
280
228
304
854
859
440
436
531
435
185
258
407
576
601
490
135
167
595
578
384
90
150
592
552
752
215
708
803
863
723
978
94
835
285
541
238
251
929
246
674
406
751
332
161
55
12
149
206
527
136
567
975
394
447
86
818
121
489
33
113
107
655
521
664
372
634
337
761
331
358
178
442
877
815
375
899
983
312
278
552
438
577
441
680
676
509
820
829
663
918
853
885
343
302
620
559
956
142
70
710
58
829
73
193
336
558
186
322
551
490
951
39
543
296
276
306
932
858
405
183
270
140
392
340
963
640
576
291
149
208
112
199
895
314
222
444
686
579
971
814
297
165
592
748
299
412
668
509
154
863
752
832
852
675
724
902
265
819
125
821
810
447
688
595
477
34
349
161
676
966
294
359
777
955
331
280
493
299
417
125
510
198
467
93
628
387
330
832
687
407
892
983
382
566
916
114
269
936
560
673
112
415
928
433
969
920
389
324
905
586
318
142
868
801
221
597
468
215
626
646
648
283
586
562
632
875
888
262
562
827
279
789
105
378
552
457
747
890
311
615
141
56
392
961
234
214
804
620
345
254
487
150
987
364
26
408
275
484
859
364
901
680
493
562
243
978
150
411
837
301
256
542
35
496
632
428
538
114
881
951
979
515
952
609
204
230
3
120
664
513
101
412
182
361
731
484
535
23
239
312
868
993
385
732
189
59
842
875
47
949
615
754
880
493
493
83
211
217
221
277
500
334
4
191
351
700
297
920
708
187
742
280
457
893
942
986
813
122
90
410
669
90
119
799
715
791
866
478
159
980
45
556
905
47
974
73
543
846
939
633
860
794
954
899
969
524
620
2
484
276
165
407
245
371
651
410
479
394
425
422
671
280
943
786
262
920
209
101
761
516
447
619
747
215
991
379
128
171
439
817
56
35
169
813
287
911
896
234
148
211
2
571
901
107
914
350
280
142
142
676
926
453
917
528
276
23
832
884
573
549
75
454
234
500
647
445
561
956
568
160
666
350
435
175
410
445
626
997
166
290
880
756
358
766
118
288
878
851
418
139
110
779
986
809
327
148
235
955
715
261
49
335
900
888
825
939
994
142
213
686
716
754
427
194
895
299
451
673
521
500
86
580
937
329
555
675
466
391
166
18
134
186
612
712
219
259
751
520
633
83
166
316
569
244
888
221
289
474
541
530
344
216
109
837
521
890
3
676
164
301
338
933
661
879
779
826
191
141
184
832
724
104
553
322
187
575
198
13
708
575
319
588
464
709
796
171
132
887
113
302
679
158
255
570
958
525
747
505
561
693
745
710
154
97
353
825
570
666
508
233
595
685
442
470
583
459
878
276
178
476
124
997
146
160
113
741
115
721
154
227
389
216
48
490
423
504
162
281
132
124
926
607
225
111
641
510
771
808
849
907
70
264
121
506
628
67
983
68
79
332
302
852
259
594
52
249
893
145
823
12
245
976
218
511
715
689
945
896
74
351
924
761
615
51
671
159
183
744
937
201
444
39
432
720
94
12
781
312
381
424
249
451
194
14
901
704
45
192
775
752
253
602
684
696
975
681
208
54
587
740
947
192
14
571
996
652
78
529
35
433
260
796
133
785
288
576
234
418
136
150
939
771
260
768
447
341
620
123
160
464
999
122
95
429
655
655
224
396
479
37
600
337
958
701
115
353
99
61
369
773
887
30
475
887
434
428
17
517
773
345
422
402
558
791
57
509
231
492
815
880
293
697
153
805
87
351
987
459
824
438
664
718
900
783
493
367
558
911
298
800
324
848
792
970
220
942
214
3
984
776
160
888
441
471
525
746
478
158
591
86
299
546
930
43
541
623
495
574
554
829
965
375
548
730
98
976
340
129
89
892
837
517
934
5
63
150
538
366
395
889
439
321
747
31
970
434
981
759
794
170
890
904
249
222
594
820
963
367
904
761
942
811
88
686
85
502
148
856
250
629
192
167
209
979
348
271
458
28
514
71
736
1
670
281
855
154
600
971
184
516
186
714
61
768
786
885
356
822
837
476
611
609
897
868
782
778
142
489
753
879
940
442
564
870
642
68
440
163
401
555
874
447
872
701
781
505
874
466
877
587
830
852
898
284
30
184
950
275
272
939
868
927
543
916
496
939
661
715
977
507
675
910
811
186
941
156
26
456
853
319
77
323
82
656
370
340
408
432
318
414
809
725
396
815
61
270
289
391
154
511
996
74
793
999
428
438
521
663
265
711
237
618
760
932
559
267
229
888
20
74
655
906
187
926
811
553
987
364
540
510
951
819
821
571
782
351
466
387
458
397
615
402
466
567
583
50
313
992
242
513
49
633
431
146
691
228
69
640
977
788
473
614
245
15
915
818
716
685
726
495
457
820
452
706
270
97
38
243
799
967
909
769
412
763
625
540
498
973
196
157
910
422
782
98
993
165
538
703
626
665
744
485
509
240
76
965
130
863
254
199
72
505
70
626
971
606
988
605
306
58
473
492
848
600
503
150
377
269
150
411
496
641
541
134
159
246
904
644
981
262
276
203
140
981
621
995
208
798
771
156
69
591
8
955
664
716
563
644
630
392
722
938
38
8
335
266
580
190
554
393
927
736
454
584
396
976
412
15
978
579
670
584
649
619
349
32
670
922
385
92
824
103
59
355
845
102
201
873
568
593
9
127
501
408
851
983
416
840
746
750
791
137
298
514
891
581
971
56
706
470
843
659
896
226
576
717
360
583
78
768
777
31
771
199
220
923
634
637
726
161
20
336
74
602
272
368
148
21
449
584
411
967
634
767
547
460
418
995
136
911
800
173
334
697
330
44
580
214
391
313
973
252
575
801
716
423
397
505
23
852
592
479
276
641
573
598
576
743
488
78
836
63
636
264
711
234
553
489
810
342
541
391
561
644
983
898
199
192
489
41
317
957
614
493
67
668
508
199
851
411
23
91
177
201
255
242
254
793
569
365
932
773
373
875
22
265
469
664
937
749
147
427
277
161
796
92
283
160
266
396
40
271
55
928
908
982
297
708
742
62
454
929
945
540
349
300
796
707
233
626
222
181
657
629
893
653
61
796
39
3
489
945
974
324
991
248
179
913
789
575
67
431
546
331
907
999
427
590
721
237
794
864
399
117
78
203
521
965
653
814
644
243
754
995
193
922
703
532
438
139
657
388
866
53
33
359
407
742
212
787
557
258
328
646
241
856
470
55
414
648
599
665
699
492
952
907
946
881
220
828
163
443
246
957
724
377
470
54
430
272
157
386
387
160
936
916
931
265
849
59
829
299
456
643
176
90
52
429
696
75
814
682
373
837
748
274
176
229
969
338
460
856
125
28
179
975
457
365
239
727
66
670
301
377
982
845
399
353
526
446
705
209
990
401
195
395
366
840
637
632
618
91
847
300
337
346
463
777
440
434
593
803
489
327
900
935
826
277
772
100
143
702
195
16
763
597
721
454
349
214
752
805
24
384
933
371
517
596
329
975
332
869
367
914
307
556
462
48
654
574
570
725
453
305
432
721
542
655
234
858
553
6
13
107
648
6
451
306
926
966
30
482
23
901
581
708
42
706
614
24
807
699
885
59
813
737
26
281
755
596
204
82
795
822
122
698
114
501
187
476
356
976
297
192
458
264
782
556
149
297
74
232
983
263
824
180
678
345
549
127
760
281
687
303
82
110
995
947
236
651
219
448
39
410
390
809
121
509
184
573
349
999
256
987
811
408
257
285
195
130
20
291
620
154
768
988
821
849
606
669
459
565
548
699
804
252
693
735
526
563
345
687
426
485
613
460
427
168
22
915
109
32
838
828
687
181
232
495
608
389
977
491
28
276
760
70
600
102
203
955
70
202
201
23
831
313
101
421
408
390
471
105
556
41
355
622
540
212
20
45
941
399
252
198
337
236
307
856
584
826
530
446
717
827
681
122
878
781
472
98
938
811
700
835
940
92
242
188
364
594
517
888
335
655
206
334
179
135
867
166
673
257
410
549
841
180
800
715
468
314
114
293
336
484
289
719
503
627
480
307
633
375
746
877
561
791
404
465
757
589
779
80
119
88
45
816
918
885
38
230
169
932
399
664
864
430
177
261
699
641
295
643
996
291
765
739
533
614
237
280
64
788
6
